$ANSIBLE_VAULT;1.1;AES256
37343236373766626336386461336166663330373434383434326663636261393930383931356438
3435326234643939643233393635643838643237656336610a666565356462323234613532306132
65343065613431653865343161666636386435623034663136336566663439323937616133366364
3264643062613537360a386165343038663437333738386234663032666561656461323363646463
61323764363139623663653730666566373763343463656164316437336636393035313539383932
31386365313537616562306265636436396230643963373664333739363139326333636462376264
35383231373764373030383163653362323035343435353639333136633663396364306536626233
30333961323237663665313631376137666230666330626563653835333237393130623365623839
62306431363761636163353463373065613037613561663334663833393333316439353563353232
38356533653434666362653366623932636261643761376539346535306331356566366362353237
31336463306130623539616231326263366262633232613464616439633362386438363861663661
63396634643231633163343632333665393164626361613131333937323864326264303139313565
62643639343364313139306138383362626663623737653061653038356635663831656530663864
37636234633665613837363739663138633134316234336663306565623031656231346661623636
33376231313338633963633130366633366239643232373733646330333539376534356134313464
38373834663862666239383365376338616361393236613833353731666663336232333332303833
30356361373165313037306636393938326531353538393835653831653462366565626635323735
32363531653261323065313763663665623332303061366432643861363964653330663332326264
65346665636133353561346365383935333662346438313335653837346162653062356233363035
66376664643665363331653265656335333264333734336434666266626265333639346231623231
36633331633532643634376337653766383039343836383465646630396666386439343034383630
64613034343733653835613232353637336233646336653731333333643035356466623039396333
31393137303264386465383935326663636465373434363531383764323161343366363437386237
36336463396563303335306535383562643532306264336633356361333733393130303738626335
34303236313638666537356332636264356339616166363664383038613565313335393363616532
38393435303532326139373332356434613930653531666565653133643534623634303136386564
61666633613632373064643061343831366430396639653666613033613964376664633438653365
30373233333832316532
